24938 25342 25674 26660 27212 26941 27185 
24596 24900 25048 26291 25370 24480 26818 
23752 24586 23872 27505 26393 25058 26868 
23752 24420 23636 27206 25940 24480 26868 
23432 24240 23556 27249 26140 24740 26818 
24204 24948 24424 27683 26672 25218 26918 
24674 25272 25098 27747 26706 25582 26918 
24504 25224 24902 27707 26707 25532 26943 
24016 24586 24104 27378 26468 25112 26868 
24588 25272 25020 27748 26719 25478 26918 
23924 24584 23792 27192 25940 24380 26868 
24488 24910 25286 27017 27059 26146 27137 
24488 24910 25326 27018 27109 26120 27137 
24120 24928 24642 27338 26730 25643 26943 
24488 24866 25248 26988 27047 26173 27137 
23920 24584 23792 27576 26191 24634 26843 
23940 24902 24188 27732 26634 25112 26893 
23668 24328 23796 27206 26039 24740 26843 
24586 24962 25020 26115 25216 24740 26893 
25614 25981 26466 27020 27500 27138 27161 
24368 24926 24678 27353 26793 25643 26943 
23748 24584 23792 27534 26241 24740 26818 
24120 24948 24348 27711 26620 25164 26918 
24364 24810 24852 26436 25318 24168 26843 
23664 24236 23400 27434 26065 24634 26818 
23788 24440 23888 27403 26089 24846 26843 
24404 24866 25170 26988 27072 26120 27137 
25458 25827 26196 26905 27475 27191 27161 
23432 24240 23408 27349 26216 24794 26843 
23576 24240 23556 27364 26140 24688 26793 
23752 24420 24028 27235 26292 24952 26843 
24284 24882 24600 27381 26768 25617 26918 
23876 24528 23892 27586 26290 24898 26843 
23832 24416 23712 27378 26140 24740 26843 
24544 24928 24720 27323 26730 25643 26943 
25284 25672 25830 27091 27074 26769 27065 
24032 24726 24108 27661 26393 25058 26868 
23832 24200 23836 27001 26012 24792 26868 
23752 24240 23796 27249 26140 24740 26818 
23576 24240 23636 27235 26090 24582 26818 
24204 24992 24504 27676 26684 25324 26893 
23752 24240 23712 27106 25889 24582 26793 
23912 24288 23984 27044 26112 24686 26893 
24016 24854 23948 27796 26494 25006 26893 
23432 24240 23556 27335 26039 24582 26818 
23752 24328 23556 27106 26039 24688 26843 
23576 24240 23636 27263 26115 24634 26818 
24492 24868 25326 27002 27134 26199 27161 
23668 24420 23712 27278 26241 24846 26843 
25374 25827 26235 26991 27312 26967 27161 
23776 24432 23880 27376 26291 24900 26843 
24996 25572 25656 26146 25687 25216 26992 
23576 24148 23712 27278 26014 24380 26818 
23880 24598 23968 27303 26239 24898 26868 
25847 26352 26668 27247 27361 26926 27209 
24704 25486 25442 27751 26720 25532 27089 
23924 24328 23712 27278 26090 24688 26818 
23836 24504 24104 27149 26039 24740 26918 
23664 24324 23552 27392 26216 24740 26818 
23944 24858 24348 27683 26569 25112 26868 
24032 24858 24268 27732 26647 25112 26893 
23780 24344 23884 27390 26165 24794 26868 
25564 25960 26230 27012 27292 26960 27326 
23576 24420 23636 27235 26065 24634 26818 
26097 26590 26849 27262 27361 27045 27256 
23572 23880 23636 26689 25611 24380 26818 
25932 26326 26611 27098 27430 27250 27373 
23956 24348 23888 27132 26038 24846 26843 
24572 24866 25170 26974 27047 26120 27113 
23576 24240 23636 27221 25989 24582 26843 
25746 26132 26365 27141 27394 27093 27303 
24832 25653 25637 27807 26796 25646 27089 
25544 26024 26428 27063 27525 27138 27137 
23624 24448 23736 27345 26038 24740 26868 
23784 24348 24200 27232 26139 24952 26868 
23900 24280 23900 27131 26088 24686 26893 
23752 24328 23408 27235 26191 24740 26818 
25502 25937 26389 27063 27312 26941 27137 
23840 24676 24184 27477 26494 25218 26868 
24572 24912 25170 27003 27022 26067 27137 
23832 24376 23832 27058 26012 24634 26868 
23840 24630 24028 27392 26519 25006 26893 
23872 24260 23888 27246 26038 24740 26843 
24938 25388 25752 26689 27262 27046 27161 
24704 25609 25482 27807 26745 25532 27065 
23668 24148 23408 27306 26191 24794 26793 
23752 24504 23872 27135 25737 24380 26868 
23908 24372 23904 27102 26037 24686 26868 
25910 26352 26745 27262 27374 26979 27233 
23856 24248 23720 27034 25964 24740 26793 
23832 24380 23836 27086 26087 24686 26893 
23668 24148 23636 27163 26065 24688 26818 
24120 24858 24348 27739 26619 25164 26918 
24036 24814 24112 27718 26594 25112 26868 
24404 24912 25248 27017 27084 26120 27137 
23780 24344 23728 27190 26039 24740 26843 
23752 24328 23556 27235 26090 24634 26818 
23752 24420 23872 27092 25737 24380 26868 
23868 24256 23884 27119 26064 24740 26843 
24692 24948 25322 26466 26999 26729 27233 
24488 24778 25210 26974 27047 26146 27137 
23688 24160 23564 27162 25889 24480 26818 
24100 24720 24104 27520 26594 25270 26893 
23576 24056 23408 27206 25940 24582 26843 
23748 24236 23636 27349 26166 24846 26818 
24288 24884 24602 27224 26793 25722 26992 
25288 25738 26178 26977 27375 26993 27161 
24076 24544 24216 27102 26591 25268 26918 
23784 24260 23728 27332 26013 24688 26843 
23776 24252 24040 27105 26039 24794 26843 
23752 24328 23712 27235 26191 24846 26868 
23752 24420 23556 27263 26191 24846 26843 
24208 24884 24602 27252 26805 25696 27016 
23752 24328 23712 27163 25864 24480 26868 
23576 24420 23240 27320 26014 24740 26818 
24582 25226 24904 27763 26707 25478 26918 
25122 25651 25714 26175 25611 25164 26967 
23668 24586 23872 27206 25838 24380 26868 
24288 24840 24602 27295 26793 25722 26967 
23832 24500 23868 27463 26140 24634 26843 
24032 24858 24348 27676 26647 25164 26943 
23836 24236 23636 26934 25914 24740 26843 
24320 24868 25248 27017 27084 26172 27161 
23576 24148 23408 27149 25940 24582 26818 
24746 25530 25442 27786 26708 25532 27089 
23856 24428 23804 27176 26064 24740 26793 
25829 26283 26592 27127 27419 27184 27326 
24288 24798 24642 27210 26793 25696 26967 
24586 25006 25058 25826 25635 24950 26918 
23836 24420 23792 27235 25940 24582 26868 
23748 24056 23636 26891 25788 24634 26843 
23840 24420 23712 27349 26342 24794 26843 
24488 24778 25170 26974 27109 26226 27137 
25332 25827 26351 26949 27312 26967 27161 
23708 24352 23656 27331 26189 24952 26843 
23512 24264 23888 27061 25964 24688 26843 
24428 24742 24826 25740 24348 23744 26868 
24120 24948 24348 27718 26594 25112 26893 
23904 24372 23748 27045 25938 24582 26893 
24284 24926 24600 27310 26755 25670 26943 
23668 24328 22928 27278 25914 24480 26818 
23664 24236 23636 27035 25965 24480 26843 
24204 24992 24192 27704 26569 25218 26893 
24120 24858 24192 27690 26634 25164 26893 
