17201 19328 17473 15408 26242 16843 20536 55134 
16908 20288 17836 15367 27258 16603 20728 55197 
18013 20960 18053 15425 24936 16556 20669 55204 
16850 20896 17611 15074 24778 16921 20663 55207 
18163 19584 18152 15320 27046 16772 20647 55197 
17351 20032 17555 15403 26331 16719 20648 55198 
17824 19200 17849 15400 28627 16934 20658 55200 
17911 19072 18423 15467 26414 16819 20582 55178 
17157 21120 17477 15400 24818 16050 20664 55206 
18169 19456 18116 15301 25855 17069 20532 55131 
17699 20896 17597 15371 23000 16448 20548 55142 
16489 20960 17733 15589 25342 16805 20544 55141 
16793 19712 17860 15393 25781 16906 20708 55195 
17682 19328 18903 16287 25520 16896 20701 55166 
17786 19904 18097 15383 25218 17013 20693 55188 
17644 19840 18107 15361 26371 16859 20632 55162 
17444 18944 17742 15489 24608 16345 20507 55123 
16883 20544 18023 15429 24984 17011 20628 55166 
16975 20160 17569 15445 26598 16634 20549 55142 
16892 20576 17074 15435 25910 15906 20544 55144 
18394 18560 17922 15369 23280 16402 20548 55149 
16388 20672 17522 15456 25462 17063 20654 55201 
16284 20608 17265 15408 27127 17360 20545 55132 
17351 20032 17544 15741 22624 17026 20552 55155 
16156 20672 17090 15370 26643 17271 20542 55139 
16107 21120 17479 15435 25732 16775 20632 55164 
16675 20032 17695 15390 25026 16597 20686 55214 
17504 20576 17629 15249 25316 16472 20549 55142 
16393 20704 17632 15465 25889 17820 20542 55139 
16704 20512 17216 15455 26630 16695 20548 55139 
17806 19072 18105 15376 27291 16832 20542 55125 
18376 18688 18346 15412 26264 17210 20532 55130 
16832 20800 17480 15422 26614 17125 20542 55141 
17611 21120 17666 15479 25230 16220 20664 55206 
16740 20288 17679 15541 25122 17573 20545 55139 
17247 20512 17907 15393 25950 16804 20548 55124 
16868 19776 18796 16449 25751 16685 20672 55172 
17045 20224 17521 15413 27963 16345 20548 55136 
15840 20864 17224 15206 26065 17335 20670 55188 
15984 21120 17669 15368 24954 16900 20666 55204 
16052 20096 17848 15725 25262 16781 20660 55182 
16876 19456 17514 15403 27484 16429 20504 55120 
17152 19776 17486 15436 26400 16709 20550 55145 
19328 20640 18602 15398 25170 16783 20546 55142 
18308 17664 18124 15390 27038 16860 20530 55131 
18703 20032 18315 15300 26101 16973 20545 55133 
16960 20512 18236 15548 24264 16871 20708 55203 
16419 19584 18147 15931 25942 16363 20599 55143 
17552 19776 17578 15557 25154 16943 20656 55207 
16518 19520 17658 15407 25868 16680 20579 55177 
17154 20608 17803 15385 25687 16555 20670 55201 
16775 18560 18529 16101 21536 16525 20705 55211 
16860 20992 17685 15274 25220 16414 20632 55164 
16777 20288 17233 15539 26760 16513 20548 55140 
16841 20608 17455 15403 25170 17137 20545 55131 
18274 20160 18274 15373 26532 16879 20647 55198 
17520 21120 17775 15494 24552 16220 20664 55206 
17775 18816 17894 15371 26139 16910 20617 55157 
17104 21120 17550 15277 26059 17163 20664 55206 
16442 20832 17757 15533 25516 17604 20650 55198 
17641 20416 17723 15277 26471 17062 20538 55135 
16455 19328 17442 15483 26376 16786 20504 55121 
17457 20928 17688 15440 26246 16576 20663 55207 
17655 20608 17936 15387 26402 16823 20648 55198 
17172 20352 17722 15661 26076 17215 20664 55160 
15685 20352 17476 15513 26862 16546 20690 55192 
15747 20960 17487 15282 25238 16713 20667 55204 
17106 20576 17672 15406 25734 17039 20503 55120 
16288 21120 15926 15158 23328 16104 20671 55208 
16465 20704 17592 15459 25944 17155 20670 55188 
19328 20480 18432 15442 26143 16511 20547 55142 
17719 19520 17683 15366 26606 17086 20648 55197 
17780 21120 17750 15350 24452 16505 20503 55122 
16627 20736 17822 15542 24544 16481 20627 55198 
17705 20288 17796 15346 26599 16742 20657 55200 
17698 20160 17792 15307 26113 17207 20536 55135 
16749 19520 17827 15415 27233 16824 20708 55199 
16557 18944 17299 15363 25896 16554 20634 55163 
17237 20896 17892 15387 25528 16504 20671 55188 
16960 18560 17805 15458 27344 17040 20561 55125 
17326 19776 17635 15411 25314 16547 20527 55131 
18353 20096 18327 15335 25002 16827 20647 55197 
17041 20576 17976 15437 25136 16890 20610 55160 
17392 19200 17760 15394 28199 16500 20551 55151 
15962 21056 17561 15570 25504 17014 20545 55141 
17574 19776 18300 15472 25000 16924 20574 55174 
16146 20704 17664 15132 19840 16611 20660 55182 
18261 19520 18246 15299 25278 17002 20648 55197 
17072 18432 17780 15487 26692 16902 20546 55126 
16656 20576 17458 15424 25884 16985 20545 55137 
17187 20416 17486 15395 25945 17737 20535 55133 
16915 19712 17186 15439 25494 16270 20628 55198 
15381 20672 17073 15370 25649 17241 20542 55140 
16771 20032 17613 15390 27198 16885 20691 55192 
17370 18816 17657 15162 24920 17438 20672 55188 
17711 20608 17901 15298 25894 16914 20538 55137 
18257 20640 18305 15445 25891 16662 20668 55203 
16498 20480 17839 15369 26118 16875 20694 55191 
17755 20224 17751 15421 26894 16748 20649 55200 
16725 20896 17555 15473 25836 16914 20543 55142 
17560 20704 17694 15556 24516 16583 20643 55200 
18203 19456 18351 15405 27166 17303 20534 55132 
17773 17408 17681 15436 25902 16237 20532 55133 
16822 20864 16777 15138 23948 16209 20657 55205 
16368 20480 17408 15398 25534 17969 20655 55203 
16436 18944 17438 15371 26563 16544 20542 55127 
17287 20992 17558 15395 25971 16811 20539 55138 
15670 21120 17616 15369 25770 16736 20631 55164 
17013 19072 17236 15459 26248 17341 20539 55134 
17292 20960 17771 15209 24008 16752 20662 55207 
17632 20800 17594 15392 25904 16616 20543 55142 
15770 20832 16643 15503 26036 16520 20547 55141 
17498 20576 17660 15388 26337 16936 20662 55196 
16066 20768 17488 15467 25778 16576 20708 55193 
16394 20608 16903 15424 27011 17249 20546 55140 
17666 19072 17591 15430 25132 16191 20650 55200 
16624 20224 17322 15324 26074 17710 20540 55139 
17431 20864 17592 15363 24888 16590 20552 55156 
17309 20544 17569 15333 26092 16792 20551 55140 
17041 19520 17091 15552 24580 16774 20551 55154 
15573 19840 17409 15512 24936 17640 20505 55096 
16986 21120 17438 15404 25711 16353 20546 55141 
16506 20864 17579 15373 25274 16782 20543 55141 
17051 20096 17779 15365 25556 16777 20683 55197 
16377 20672 17679 15414 25751 16968 20506 55094 
16970 20640 17753 15395 25448 16470 20543 55126 
16305 20832 17618 15461 25757 17077 20546 55124 
15943 20352 17669 15534 24180 17585 20708 55193 
16645 20352 17365 15416 25658 17064 20557 55163 
18471 19200 18426 15418 26991 16944 20647 55198 
18045 20224 18149 15269 25448 16704 20651 55200 
17091 17920 18119 15605 25985 17200 20649 55184 
17581 19776 17779 15375 26426 16703 20648 55199 
17017 19520 18432 16069 24998 16520 20703 55211 
17687 20864 18037 15453 25616 16973 20542 55141 
17412 20224 17671 15429 27023 16820 20648 55199 
16682 20640 17448 15325 26415 17532 20541 55139 
17312 19328 17559 15456 25924 17072 20670 55195 
17552 20576 17835 15326 26057 16929 20547 55134 
17520 19840 17771 15577 26523 16306 20510 55124 
16704 19520 18443 16013 24100 16594 20737 55233 
17809 19456 17989 15300 25388 17326 20544 55129 
15348 20352 17065 15484 25392 16508 20541 55137 
16554 20896 17704 15458 24412 16417 20549 55142 
17641 20640 17605 15317 25032 16919 20540 55138 
18394 19840 18451 15406 26061 17009 20540 55132 
16615 20032 17518 15269 24768 16504 20670 55200 
16286 19584 17346 15405 25118 16129 20689 55190 
16608 20352 17706 15454 26473 17453 20546 55131 
16662 20608 17561 15341 26570 16658 20632 55164 
16691 20800 17660 15429 25526 16859 20545 55141 
16738 21024 17310 15421 26076 17146 20546 55139 
16970 20768 17531 15220 24694 16890 20663 55202 
16630 19520 17715 15372 25895 16518 20710 55185 
15568 21056 17337 15520 25799 15832 20690 55191 
16608 20608 16801 15278 26084 17483 20543 55138 
17400 20544 17695 15367 25952 17006 20546 55134 
16694 18688 18897 16706 25592 16748 20551 55116 
17411 20096 17895 15214 25464 16701 20682 55204 
16903 20832 17898 15455 24316 16617 20691 55189 
17164 19712 17666 15292 26794 16809 20638 55196 
16802 20896 17396 15400 25562 17507 20545 55138 
16201 20544 16724 15444 26913 17094 20546 55140 
17576 18176 17373 15254 25943 16393 20539 55133 
17232 20992 17550 15374 25997 16652 20547 55140 
16765 20576 17635 15365 26020 17347 20541 55140 
17933 20032 17877 15362 26242 17159 20537 55132 
17501 20608 17641 15370 26108 16935 20541 55138 
18336 20512 18481 15373 23528 17087 20545 55134 
18534 17408 17957 15303 24758 16769 20533 55133 
17477 19904 17800 15360 25126 16707 20701 55186 
17319 21120 17751 15416 26345 17034 20663 55207 
16075 20544 17631 15391 24592 16387 20754 55206 
16019 19968 17486 15487 26241 17564 20541 55139 
16743 18688 17537 15507 24838 16233 20671 55189 
16795 20096 17412 15441 26828 16616 20537 55135 
17182 19520 17602 15436 27074 16754 20547 55132 
16896 19456 17701 15476 26583 16855 20524 55124 
17815 19776 17962 15436 25849 16571 20511 55124 
16709 20992 17454 15187 25691 16963 20663 55206 
18595 20416 18209 15333 25554 16705 20651 55201 
17024 20160 17728 15379 25987 16592 20681 55207 
16780 21056 16882 15696 24056 16007 20538 55140 
15488 20608 17520 15529 26013 17032 20669 55205 
17801 18176 18193 15406 25732 17269 20538 55128 
17536 20608 17682 15305 25116 16870 20662 55207 
18488 20960 18436 15810 23708 16662 20653 55203 
17934 19776 18092 15396 25926 17132 20539 55133 
16649 20800 17516 15433 26079 17153 20541 55140 
16803 18432 17062 15217 25264 16305 20653 55201 
16957 21120 17421 15415 25698 16711 20546 55138 
17674 20608 17487 15153 23972 16689 20540 55138 
17641 20352 17670 15360 25657 16703 20532 55134 
16537 19072 17981 15565 26375 16614 20752 55198 
18311 20640 18193 15372 25412 16843 20651 55201 
16784 19648 17743 15533 25941 16691 20631 55162 
16996 20416 17723 15442 25296 16516 20505 55121 
17706 20512 17969 15373 26360 16845 20549 55146 
16278 20768 17730 15425 25683 16871 20632 55165 
17080 19904 17747 15314 25234 16542 20660 55200 
16008 20640 17239 15337 25668 17408 20542 55140 
18455 20096 18406 15302 25402 16826 20533 55135 
16727 20480 17815 15420 25932 17514 20657 55185 
18392 19776 18054 15383 25372 16858 20532 55135 
16888 20096 17487 15454 25750 16409 20671 55200 
17161 18560 17629 15200 26239 16867 20690 55188 
17216 19776 17633 15395 24942 17112 20502 55120 
17071 20352 17672 15370 25442 16396 20546 55137 
18366 17408 18306 15537 24922 16774 20515 55123 
16329 20736 17670 15461 25967 16932 20541 55119 
16922 20352 17817 15537 25590 17602 20542 55126 
16519 21120 16519 15412 24080 15605 20543 55144 
16224 19520 17036 15120 25669 16817 20664 55206 
17876 21120 18042 15224 24758 16726 20549 55138 
16960 21120 17728 15395 24488 16288 20673 55203 
17513 19520 18029 15498 24804 17160 20681 55188 
16474 18688 17487 15420 25552 16669 20499 55121 
16832 19520 17618 15399 24984 16919 20670 55197 
18697 19840 18408 15378 25828 16816 20507 55123 
17809 19456 18296 15376 26182 16981 20671 55198 
16546 19072 17809 15450 27690 16477 20536 55118 
16637 19200 17845 15404 25430 16951 20719 55192 
17888 19968 18752 16128 20480 17408 20537 55136 
16965 20288 17490 15403 26352 16655 20552 55141 
16435 18560 17445 15389 26617 16650 20672 55199 
15924 20640 17362 15320 26363 17136 20659 55183 
17310 20224 17887 15421 26234 16779 20759 55232 
17624 19840 17789 15379 27804 17161 20538 55139 
17955 16896 17849 15539 27134 16625 20533 55133 
15680 19072 17111 15523 27503 16916 20546 55143 
18690 19712 18495 15530 25332 17011 20646 55199 
17939 20544 17848 15425 25238 16611 20540 55142 
17322 19968 17851 15769 21744 16708 20661 55164 
17579 20928 17932 15376 25314 16853 20664 55202 
17792 19456 18097 15427 25869 17183 20648 55197 
17718 20480 17814 15282 25504 16710 20546 55134 
17447 19328 18275 15566 25865 17208 20632 55189 
17562 19328 17954 15344 25868 17064 20671 55197 
16535 20928 17117 15158 24618 17417 20545 55139 
16555 20736 17530 15395 26672 17005 20544 55138 
17440 17920 18230 15396 21680 16731 20538 55128 
17722 20768 17809 15509 23592 16467 20667 55204 
15736 21120 17482 15543 24578 16537 20727 55197 
17063 19840 18349 16032 25098 16734 20642 55158 
17011 20032 18788 16494 25540 17023 20646 55182 
15872 18944 17453 15533 26778 16853 20502 55121 
17422 19456 17736 15433 26838 16803 20552 55146 
17446 19200 18052 15478 25961 16745 20519 55121 
16708 20832 16949 15396 26495 16962 20546 55140 
15595 20960 17758 15368 25122 17000 20544 55140 
16675 20160 16969 15268 25106 16631 20557 55163 
17723 20512 18091 15424 25815 16831 20548 55136 
17196 21120 17830 15550 26084 16859 20664 55207 
16358 20352 17615 15449 25978 16884 20564 55175 
17580 20608 17650 15330 25370 17052 20541 55136 
18165 19456 17999 15272 25637 17300 20652 55197 
17536 19776 17730 15393 26869 16675 20540 55135 
16680 18944 18506 16394 25865 16517 20518 55109 
17005 19648 18104 15665 25710 16815 20652 55145 
16797 19456 17830 15395 25989 16854 20750 55207 
16657 20832 17628 15411 24774 16563 20710 55184 
16800 20800 17511 15275 25306 17035 20664 55202 
17152 18688 17902 15497 26410 16759 20593 55179 
16787 20352 17589 15424 25598 16503 20639 55200 
17042 19776 17905 15455 25564 17136 20641 55172 
17219 18176 17556 15457 25934 16858 20664 55190 
18456 19328 18285 15360 26790 16936 20532 55131 
17072 19456 17722 15313 26663 16996 20662 55184 
17163 20672 17557 15389 26351 17402 20541 55138 
17013 19904 17853 15370 25874 16691 20676 55188 
16803 18432 17858 15485 24764 17093 20539 55123 
16574 20160 17012 15409 25819 17575 20552 55142 
17110 20832 17669 15401 25200 16131 20504 55122 
17190 21120 17623 15428 25845 16369 20664 55207 
17284 19584 17822 15488 26030 16474 20690 55209 
16960 20416 17629 15462 25738 16889 20661 55201 
15864 20416 17559 15401 25769 16726 20738 55202 
18727 20608 18449 15555 23792 16644 20531 55134 
17713 20160 18028 15393 25430 17089 20539 55129 
17991 20608 17963 15351 25032 16857 20538 55141 
17885 21120 18022 15394 25022 16644 20547 55140 
18080 20032 18234 15372 25426 16831 20536 55136 
17180 20032 17964 15454 25316 17090 20655 55181 
16485 20960 17590 15403 24586 16768 20671 55187 
16577 20576 17688 15509 25496 16610 20549 55124 
16858 20096 17485 15456 26068 16250 20505 55123 
16672 20896 17406 15355 25888 16820 20545 55141 
17950 21024 17886 15627 21856 17274 20666 55204 
15838 19520 17791 15734 25148 16554 20706 55212 
17429 21024 17818 15382 25920 16885 20542 55126 
17658 19200 17763 15362 25790 17151 20649 55196 
17956 19520 18592 15907 25667 16563 20536 55110 
16470 19456 17621 15314 24436 15886 20680 55210 
17424 20512 17615 15518 25861 16930 20652 55200 
16378 18432 17118 15398 26263 17050 20523 55124 
16418 19200 17721 15664 26858 16710 20550 55110 
17092 21120 17501 15414 25584 16676 20665 55206 
17568 20672 17595 15278 25306 16992 20542 55137 
17397 19328 16899 15225 23768 16518 20542 55142 
15841 20608 17504 15365 24148 16512 20617 55154 
16185 19840 17916 15778 24924 16690 20777 55226 
17552 20608 17763 15369 26264 16552 20549 55136 
16733 20832 17417 15335 24778 16590 20550 55141 
14335 21120 17344 14464 20864 16768 20545 55132 
16042 19072 17412 15508 25957 16485 20765 55233 
16019 19584 17394 15388 26327 16619 20656 55181 
17504 18816 17627 15206 25580 16704 20501 55120 
17736 20608 17894 15421 24880 17059 20660 55201 
17554 19840 17465 15415 25717 16414 20541 55142 
16499 20736 17072 15434 26670 17135 20545 55141 
17264 20640 17980 15374 25040 16750 20549 55124 
18524 20864 17961 15407 24888 16791 20550 55138 
17462 20608 17753 15347 25140 16622 20547 55136 
16636 20480 17488 15460 25558 17227 20538 55134 
17770 18816 17645 15531 25799 16311 20507 55123 
17148 20416 17538 15395 26604 17352 20545 55135 
17455 19840 17835 15423 26425 17307 20502 55120 
17417 20544 17734 15209 25014 16673 20693 55189 
16799 19968 17634 15385 26072 16419 20692 55189 
15946 20608 17549 15426 24666 17409 20502 55122 
17859 19776 17970 15377 28164 16874 20658 55207 
17152 18176 17351 15593 26032 16753 20550 55143 
16798 20352 17423 15364 27306 17729 20538 55137 
16650 20416 17892 15492 25510 17064 20625 55165 
17472 19072 17698 15382 26880 16896 20552 55142 
17666 20032 17892 15432 26545 16476 20536 55137 
15677 20416 17404 15564 27453 17244 20542 55140 
16768 21120 17821 15540 25200 16690 20675 55204 
18536 20160 18296 15369 25796 16757 20648 55200 
17005 20032 17661 15338 25791 16692 20634 55164 
18116 20288 18087 15447 25046 16618 20548 55145 
16830 20992 17515 15397 25631 16516 20664 55207 
16816 20096 17571 15408 24876 17365 20536 55134 
16098 20704 17557 15390 25787 17553 20542 55139 
18329 19328 18338 15309 25262 17176 20509 55121 
17455 21120 17665 15209 25729 16806 20664 55207 
16069 20736 17541 15360 25859 17286 20649 55172 
16232 19904 17615 15457 25132 17118 20587 55151 
16403 20768 17446 15190 24984 17139 20671 55188 
16459 20480 16549 15315 24956 17292 20545 55140 
17102 21120 17517 15425 26302 17256 20664 55206 
17568 19712 17984 15346 25630 17089 20545 55131 
16740 20160 16960 15379 26721 16505 20544 55142 
16996 19456 17488 15412 27674 16992 20649 55197 
16647 20544 17745 15559 24900 16583 20676 55188 
17187 18944 17669 15399 28730 16730 20689 55189 
17743 20960 17814 15401 25795 16846 20537 55139 
17034 20576 17173 15412 26579 16474 20542 55142 
16762 19456 17084 15468 25378 15662 20504 55122 
17002 20640 17678 15269 25454 17150 20546 55135 
16904 20416 17525 15429 26690 16869 20660 55201 
17858 20224 18514 15999 24904 16336 20538 55112 
17870 18688 17841 15631 24962 16706 20544 55142 
16672 21120 17988 15591 23768 17066 20670 55188 
16861 20096 17589 15394 25202 15685 20668 55201 
17186 18688 17945 15384 27789 16751 20576 55176 
17354 19520 17981 15424 26200 16911 20638 55169 
16507 19328 18753 16574 24698 16856 20695 55166 
16595 18816 17458 15397 28144 17271 20532 55133 
17211 19520 16975 15331 22680 16420 20547 55154 
17893 20576 17833 15462 25258 16720 20538 55141 
17573 18560 17718 15371 26770 17064 20659 55199 
16398 20576 17747 15468 25288 16930 20679 55190 
16444 20416 17684 15644 26914 16342 20537 55112 
17924 20864 17852 15360 25934 16524 20666 55203 
17469 20992 17825 15413 25694 16607 20549 55141 
16576 18816 17911 15574 23136 16574 20728 55175 
17725 20736 17748 15335 25626 16649 20653 55203 
15593 20032 17793 15517 25534 16705 20728 55219 
16674 20576 17676 15395 28882 17559 20680 55199 
17533 19712 17896 15451 26088 16694 20671 55204 
16633 20096 17550 15393 26869 16707 20674 55203 
17585 20640 17733 15258 24806 16812 20542 55136 
17277 20800 17679 15479 26361 16860 20543 55141 
16943 20736 17617 15373 24720 16654 20543 55141 
18594 20736 18271 15258 24992 16667 20545 55142 
16688 19904 17151 15392 25945 17199 20557 55162 
18306 21120 18430 15397 25308 16637 20665 55203 
16684 19520 17761 15623 24596 16683 20712 55221 
18293 18560 18029 15400 26023 16812 20533 55132 
17335 19456 17791 15343 26049 16908 20595 55131 
16680 20576 17445 15452 26459 16948 20546 55138 
15813 20160 17639 15522 25754 17311 20618 55156 
16660 20960 17770 15388 25558 16920 20542 55140 
17719 19584 18061 15424 25296 16576 20680 55208 
18076 17408 18321 15590 28170 16795 20549 55148 
17095 20640 17619 15309 24028 16933 20550 55141 
17301 19904 17823 15428 25968 17002 20564 55175 
16609 19840 17792 15436 24742 17252 20642 55178 
17486 19904 17135 15364 25950 16750 20652 55201 
16119 18432 17601 15522 26950 17369 20601 55156 
17776 18432 18123 15389 26581 16779 20693 55183 
18064 20480 18267 15381 25609 16733 20544 55122 
16487 19840 17317 15368 27081 17350 20651 55197 
16566 20224 17452 15458 25853 16548 20500 55121 
18147 20640 17898 15147 23564 16611 20536 55141 
16832 20096 17707 15411 26151 17453 20574 55175 
17652 20512 17584 15380 26498 16653 20650 55199 
18121 19456 18363 15290 26027 16842 20665 55199 
17309 20032 17711 15548 26517 16397 20549 55143 
18117 19648 17728 15376 25734 16751 20651 55200 
16292 19328 17907 15911 23676 16772 20761 55223 
16961 19648 17724 15403 25150 16445 20661 55183 
16499 20032 18036 15475 25096 17148 20614 55157 
15781 21120 17483 15467 24704 16700 20666 55204 
17100 20032 17348 15459 26315 15831 20546 55142 
18583 18944 18483 15375 26821 17052 20538 55132 
17143 19520 17318 15516 27083 16494 20534 55134 
17930 19456 18238 15337 26596 16986 20506 55121 
17758 20096 17932 15370 26491 17416 20552 55148 
16404 20672 17585 15422 25932 17272 20547 55125 
14885 20416 16675 15391 25112 17920 20763 55233 
16545 20032 17769 15416 26000 17032 20614 55157 
17076 20032 17663 15475 25763 17034 20546 55135 
17610 19840 17926 15448 25873 16502 20507 55123 
15860 18816 17336 15432 26104 16888 20504 55121 
16393 18560 16405 15432 26280 16506 20545 55140 
17860 16896 17619 15418 26861 16664 20652 55198 
17880 18688 19342 16502 23480 16576 20743 55187 
17480 20704 17573 15293 23916 16521 20544 55143 
17903 19456 17857 15329 25734 17145 20648 55196 
16804 20288 17603 15265 26245 17072 20638 55196 
17742 18944 17247 15689 26249 15910 20545 55140 
16911 21120 17154 15385 26287 16415 20665 55206 
17626 19520 18057 15426 26051 17179 20672 55197 
17333 17664 17318 15460 26175 16119 20507 55123 
16433 21120 17596 15420 25516 16772 20544 55140 
19109 20160 18331 15372 26768 16737 20547 55143 
17228 19328 17581 15345 25554 17164 20552 55154 
17424 20544 17626 15536 25845 16960 20546 55135 
18134 19712 18048 15369 25086 16626 20651 55200 
17221 20160 17791 15370 26065 16615 20661 55202 
17024 20800 17107 15386 25972 16531 20651 55198 
16780 19968 16947 15436 26068 15956 20544 55144 
16708 19072 17435 15353 25611 17168 20518 55124 
17710 20896 17675 15256 24794 16592 20639 55200 
16686 19904 17576 15354 26461 16633 20634 55163 
16741 19648 17638 15658 25262 16471 20517 55125 
16816 20512 17783 15500 26303 17575 20545 55135 
16828 20352 17570 15452 25706 16945 20545 55138 
17380 18176 17962 15480 25584 16789 20571 55120 
17443 20096 17866 15457 26080 16606 20558 55164 
16405 19968 18170 15876 25582 16520 20706 55213 
16935 19328 17362 15176 24890 16143 20557 55165 
15574 21024 17509 15691 23676 17464 20544 55140 
17597 20416 17652 15430 25683 16475 20540 55141 
18458 18176 17922 15369 26275 16571 20540 55142 
17249 20352 17657 15360 25530 17124 20667 55193 
16728 20288 18227 15434 25356 17510 20596 55155 
17952 19584 18451 15657 23580 16584 20551 55146 
16898 20576 17432 15366 26727 17052 20537 55140 
17990 19520 18030 15309 26164 17166 20533 55133 
17489 20544 17721 15279 25190 16730 20551 55144 
17595 17408 17734 15493 27814 16623 20533 55130 
17021 18944 17647 15389 27788 16646 20662 55184 
17408 19968 17915 15485 22672 16671 20706 55214 
17577 19072 17979 15343 26215 16737 20656 55181 
17156 19200 17470 15433 26500 16516 20550 55140 
16413 19968 17153 15447 27161 16642 20499 55120 
16565 20800 17566 15362 26260 17047 20649 55175 
17009 20768 17033 15185 23088 16596 20669 55205 
15867 20800 17666 15630 24864 16468 20732 55227 
18570 19584 18550 15368 24056 16976 20646 55197 
17357 20224 17726 15323 26693 16701 20536 55134 
17397 20576 17715 15422 26038 17583 20544 55135 
16704 20608 17749 15467 24580 17091 20670 55187 
16282 20480 17237 15401 26360 16884 20503 55122 
17489 19520 18110 15652 25182 16395 20513 55125 
17685 17408 17411 15350 25258 16425 20654 55198 
16117 19648 16862 15405 27262 17100 20545 55139 
15488 19904 17953 16673 20960 16406 20767 55221 
14737 21120 17749 15966 23616 17673 20670 55188 
16483 19712 17216 15526 24908 16424 20504 55122 
16036 21120 16554 15117 24614 17845 20502 55122 
16902 20736 17331 15230 25042 17078 20546 55137 
17419 20736 17819 15402 24308 16953 20651 55197 
17671 18560 17964 15415 25866 17241 20673 55189 
17102 19328 17737 15430 26687 16565 20681 55207 
17597 21120 17705 15274 24884 16539 20545 55142 
17120 20096 17362 15383 27260 16905 20662 55207 
17085 21120 17542 15418 26288 16473 20664 55206 
18803 19904 18491 15370 26505 17045 20552 55144 
17437 20608 18164 15496 25258 16971 20660 55201 
17491 19072 17901 15423 25657 16983 20537 55132 
17710 20480 17828 15560 24004 16143 20535 55137 
16646 19648 17711 15392 26045 17089 20652 55178 
16688 18944 17506 15499 27156 16622 20506 55119 
17588 17664 17627 15358 27194 16649 20552 55146 
16832 20352 17515 15505 25420 16512 20504 55121 
17116 20544 17862 15311 25112 16704 20615 55153 
16158 20768 17460 15445 26444 17600 20544 55140 
16475 19584 17551 15342 25737 17093 20505 55099 
17348 20480 17807 15415 26156 17254 20546 55134 
18007 21120 18162 15380 25637 16707 20667 55203 
16997 20480 17540 15356 26620 16965 20544 55135 
15570 19904 17100 15170 24984 17443 20544 55139 
17132 20288 17666 15337 24044 16420 20548 55142 
17056 19840 17425 15375 26778 16984 20536 55135 
17298 19520 17872 15413 27176 16572 20693 55188 
16706 20576 17418 15452 26711 17370 20551 55143 
17578 18688 18000 15383 25944 16798 20651 55177 
17567 19072 17949 15399 27014 16658 20689 55195 
16757 20032 17911 15438 25558 16990 20610 55153 
17453 17408 17790 15427 27363 17004 20545 55127 
16059 18176 17596 15429 26184 16683 20617 55154 
16014 20640 17271 15360 25662 17044 20501 55121 
16437 19456 20000 17938 20288 16420 20538 55112 
16926 20288 17983 15662 24894 16661 20582 55166 
16698 20832 17826 15360 23736 17022 20631 55166 
18453 20480 18231 15390 27988 16745 20549 55140 
16480 20832 17320 15325 25708 17331 20502 55122 
16678 20736 17492 15366 25943 16929 20546 55138 
17792 20928 17777 15366 25610 16523 20547 55131 
16553 20992 16675 15370 25102 17439 20544 55140 
16473 19712 17590 15407 26432 17279 20727 55200 
16423 20864 16923 15387 25897 17507 20636 55196 
17071 19456 17279 15510 25454 16291 20537 55140 
17040 20960 17788 15629 25754 17274 20663 55206 
16740 19776 17577 15562 24484 17564 20550 55154 
16221 19072 17605 15416 23496 16529 20701 55209 
15702 19776 17453 15448 26070 17613 20707 55193 
17574 20864 17940 15373 25524 16692 20659 55206 
17632 20480 17672 15399 24896 16567 20537 55141 
17740 20512 17932 15487 24674 16683 20540 55142 
17450 19200 17905 15320 26490 17437 20502 55121 
17499 19456 17444 15262 20480 15896 20512 55120 
17586 19072 17968 15451 26871 16402 20685 55209 
18081 19840 18209 15221 26030 16885 20535 55135 
15648 20096 16989 15526 23992 15533 20536 55137 
17569 20288 17608 15270 26798 17276 20539 55136 
17347 20160 17938 15387 25916 16877 20692 55188 
15629 20224 17035 15318 26689 17651 20618 55156 
15951 19456 17661 15459 25739 16496 20556 55150 
15271 21120 16747 15662 24096 15981 20761 55234 
16355 20800 17251 15393 26894 17471 20544 55139 
17125 20576 17515 15319 25916 16702 20506 55123 
17258 20416 17633 15421 26342 16827 20547 55134 
17686 20352 17786 15414 26108 16662 20648 55199 
16525 20672 17818 15564 26237 17288 20549 55138 
16732 21120 17614 15418 27131 17410 20546 55139 
18438 20608 17940 15405 26708 16344 20548 55141 
16590 20768 17354 15436 26057 17191 20663 55202 
16041 19328 17640 15478 26221 16676 20792 55235 
17821 19648 18127 15329 25284 16990 20648 55197 
17609 20544 17915 15379 25885 16951 20541 55136 
15964 21024 17508 15432 26101 17031 20660 55184 
16492 19648 17726 15446 26293 16623 20535 55119 
15630 19456 18284 16104 21776 16616 20518 55104 
16814 19840 17324 15431 26814 17698 20555 55152 
18422 20416 17957 15394 25725 16595 20540 55142 
16911 19648 17423 15372 27664 16875 20516 55125 
17037 19776 17389 15429 27716 16458 20547 55132 
18202 19072 17905 15367 26720 17404 20652 55198 
16618 19072 17946 15654 23772 16633 20680 55174 
17705 20608 17738 15462 25810 16454 20544 55142 
17116 20576 17655 15379 25418 17149 20543 55137 
16813 20800 17539 15271 26046 16902 20544 55138 
15784 19584 17896 15719 25116 16386 20595 55143 
17715 20480 17780 15367 24898 16626 20651 55199 
16752 19200 18425 15815 25705 16571 20673 55171 
17090 19520 17857 15406 26259 16616 20699 55185 
17542 20608 17559 15104 23400 16738 20671 55200 
15991 19200 17513 15372 26749 16991 20631 55168 
17543 19584 17753 15374 26396 17051 20538 55136 
17007 19456 17631 15382 25753 16815 20718 55228 
17261 20576 17716 15277 25542 17232 20551 55142 
17173 20096 17741 15458 26936 16565 20533 55134 
16921 19520 18472 16386 25736 16671 20660 55151 
16443 19584 17479 15526 26606 17843 20618 55169 
16325 20704 17808 15408 25234 16705 20548 55124 
17318 21120 18000 15475 25462 16984 20639 55200 
17432 19712 17416 15429 23980 16416 20649 55199 
18061 20544 18030 15448 26148 16479 20548 55142 
16683 19776 17261 15421 27410 16428 20671 55200 
17411 19648 17651 15421 26811 16637 20534 55136 
17440 20672 17606 15464 25064 16872 20540 55137 
16406 20416 17420 15418 27395 17270 20541 55140 
17806 18560 18101 15426 26094 16728 20593 55130 
17699 20544 17949 15353 25629 17066 20540 55136 
17580 20576 17980 15385 24880 16788 20647 55199 
16845 19328 17819 15488 26536 16812 20701 55182 
17256 20704 17640 15400 26143 16395 20503 55122 
17408 19072 18024 15481 25878 16947 20694 55181 
18232 20352 18025 15192 25562 16714 20631 55163 
17923 20032 18093 15323 27322 16872 20675 55209 
15510 19200 18032 16191 24272 16408 20608 55107 
16277 19456 17964 15471 23416 17714 20662 55178 
16768 20768 17834 15434 25262 16804 20664 55190 
18117 20832 17963 15483 25168 16368 20546 55143 
17019 20416 17679 15419 26697 17514 20545 55135 
17680 19904 17852 15413 27008 16704 20538 55133 
16723 19456 17550 15409 26338 16415 20690 55189 
18004 19456 18468 15486 26132 17122 20549 55151 
16945 20704 17666 15466 25266 16748 20664 55202 
17060 20640 17491 15415 26818 17141 20662 55207 
14409 20608 18976 17152 19584 16512 20745 55218 
16792 19456 17862 15488 26666 16639 20535 55121 
17309 20544 18263 15439 23964 16460 20692 55190 
17021 19456 17565 15534 26114 15976 20690 55190 
15887 20864 17665 15570 25814 16717 20548 55124 
15772 20640 17560 15241 23760 17900 20541 55139 
16487 18560 17148 15619 24702 16885 20670 55188 
15520 20672 17624 15564 25072 17258 20502 55122 
16474 19968 17249 15413 27221 17566 20629 55194 
16861 20288 17941 15508 25252 16903 20697 55192 
16096 20832 17454 15493 25803 16903 20664 55203 
17501 20224 17955 15424 25738 16909 20565 55139 
17678 19712 17873 15435 26217 16796 20682 55214 
17955 19904 18228 15393 25860 17032 20553 55147 
17944 20480 17793 15262 24962 16798 20647 55199 
17734 19200 18048 15331 28524 17225 20543 55128 
17924 19328 18211 15367 26102 17303 20510 55121 
17902 19968 18181 15319 25378 16907 20548 55130 
15840 20736 17489 15428 25074 17091 20541 55139 
18304 21056 17952 15334 25607 16462 20666 55203 
16950 20608 17589 15420 26165 17435 20651 55198 
16890 19584 17909 15754 25914 16605 20570 55151 
16458 20096 17144 15437 26660 17154 20537 55140 
17697 19520 17744 15420 25308 16422 20525 55129 
16717 20032 17276 15523 27168 16077 20545 55143 
17708 20576 17782 15337 25659 16862 20539 55140 
17083 20896 17637 15301 25891 17122 20542 55139 
16560 20096 17546 15457 24890 15700 20531 55131 
16696 21120 18172 16035 24496 17073 20665 55204 
17555 20576 17892 15420 25528 17024 20663 55206 
15759 20096 17536 15582 25500 16933 20518 55126 
16496 21056 17567 15525 24764 17217 20631 55164 
16906 19712 17718 15442 26714 17035 20546 55129 
16643 20352 17389 15439 26663 16720 20500 55121 
16685 19072 17743 15394 24756 16834 20706 55185 
16903 20672 17196 15414 26266 15744 20546 55141 
16542 20096 16782 15490 27757 16633 20546 55140 
16605 20672 17659 15484 25526 16787 20664 55202 
17960 20768 17975 15439 23952 16350 20668 55204 
16922 20608 17290 15471 25420 16303 20547 55140 
17732 20576 17915 15376 25384 17251 20538 55135 
18055 19648 18149 15311 25256 16838 20661 55198 
16751 19904 17630 15383 25284 16468 20692 55189 
16770 19328 17373 15548 25911 16934 20532 55134 
17181 20864 17539 15437 25856 16509 20549 55141 
17203 20480 17572 15379 25753 17297 20551 55141 
16677 19456 17725 15503 25018 16672 20673 55173 
16000 20672 17421 15435 24136 17467 20545 55138 
17573 20608 17787 15369 25262 16732 20537 55138 
17450 17408 17416 15408 26242 16426 20533 55133 
16919 20544 17601 15478 25663 16675 20541 55138 
17578 19456 17848 15381 26694 16731 20506 55118 
17411 20928 17532 15380 26390 17259 20662 55207 
16304 21120 17315 15461 25360 16995 20547 55138 
16953 20288 17626 15385 24896 16775 20658 55183 
15473 20768 17529 15549 26535 16753 20666 55204 
18970 19712 18539 15360 25590 16995 20538 55132 
16851 19776 17725 15520 23256 16710 20664 55181 
17028 18560 18874 16412 27005 16566 20666 55171 
17465 19712 17825 15382 27897 17183 20499 55120 
16722 20640 17343 15363 25084 16658 20680 55204 
17195 19520 17408 15369 25358 16452 20533 55135 
17272 20992 17857 15468 25617 16766 20664 55207 
16976 17920 17825 15402 26345 16921 20618 55157 
17638 19520 17971 15469 22672 16329 20665 55199 
16685 21120 17149 15387 25953 16361 20666 55204 
17018 19712 17443 15437 26213 16034 20549 55142 
17453 18688 17873 15415 26644 17307 20544 55130 
17185 20160 17499 15369 25854 16518 20649 55199 
17673 19648 17533 15360 26221 17100 20654 55198 
17104 20512 17283 15499 25885 17724 20542 55141 
16408 19456 17478 15523 26861 16378 20691 55190 
16583 19840 17711 15436 25709 16803 20717 55221 
17506 19200 18043 15415 25868 16905 20708 55194 
14437 20672 17471 15379 25550 17290 20542 55140 
17050 21120 17565 15364 25646 16533 20679 55210 
16105 21056 17417 15436 26383 17435 20664 55203 
16756 20640 17893 15430 26296 17080 20541 55140 
17211 19840 17426 15421 27251 16095 20549 55143 
17999 20032 18088 15297 25420 16809 20553 55155 
16457 20160 16952 15454 26907 16791 20548 55139 
17269 21120 17701 15355 25410 16495 20661 55196 
16967 19200 17555 15410 25655 16873 20556 55160 
17216 21120 17482 15456 25644 16649 20538 55140 
16064 21120 17588 15393 24108 16664 20666 55204 
17122 20416 17593 15380 26462 16568 20505 55120 
17784 20672 17891 15272 25804 17045 20656 55204 
16827 20864 17541 15360 24640 16609 20545 55141 
17069 20896 17473 15276 25654 16764 20664 55208 
16499 20512 17522 15351 25629 16507 20690 55190 
18451 19584 18073 15361 26210 16499 20668 55202 
16636 20096 17396 15398 26104 16816 20536 55135 
17066 20288 17434 15252 24920 16772 20539 55137 
17721 19456 17792 15324 26037 17471 20658 55201 
17550 20544 17845 15339 26741 16795 20658 55207 
18542 19968 18406 15376 26090 16771 20552 55144 
16036 20416 17383 15447 24784 16854 20627 55162 
16714 18688 17500 15246 25468 16650 20630 55161 
17491 20736 17800 15445 25898 17665 20537 55133 
17194 19840 17379 15409 27090 15952 20670 55208 
16802 21120 17445 15377 25912 17024 20651 55198 
17451 20352 17941 15388 25948 16986 20631 55194 
17724 19648 17547 15251 26652 16652 20538 55141 
16492 21120 17695 15377 24444 16745 20689 55191 
17430 19840 17493 15393 25807 16739 20541 55137 
16238 19904 17357 15438 25601 16624 20500 55121 
17510 21120 17392 15418 25895 15858 20665 55206 
16881 20512 17506 15463 26296 16595 20543 55143 
17555 19712 17775 15396 26807 16443 20667 55202 
17001 19776 17422 15395 27905 17551 20650 55197 
16551 20512 17219 15444 26051 17363 20546 55138 
17573 19520 18154 15458 25534 16681 20692 55188 
17542 19584 17969 15503 26030 16985 20633 55195 
16744 20704 17693 15650 25050 16166 20625 55198 
16681 20864 17558 15271 24264 16731 20682 55211 
16272 20832 17791 15474 25687 16909 20664 55202 
17539 20576 17913 15382 25703 17135 20540 55136 
17144 20096 17814 15289 25344 17124 20631 55167 
15965 20288 17554 15406 26235 16847 20610 55152 
17202 18560 17847 15484 26505 16691 20595 55130 
17240 20608 16990 14950 24436 17238 20541 55139 
17020 20608 17722 15364 24986 16908 20546 55136 
16973 20352 17476 15381 25350 16418 20540 55141 
17481 20576 17628 15293 24348 16619 20659 55200 
16900 17664 17586 15499 25878 16438 20565 55175 
16577 19328 17347 15544 26941 16962 20549 55141 
17435 21120 17564 15420 25667 17185 20557 55163 
16928 20512 17494 15466 27066 17705 20545 55136 
15885 20224 16674 15433 24984 15686 20544 55143 
17481 20672 17857 15441 25717 16901 20550 55144 
16616 20800 17721 15483 26968 17155 20663 55202 
17233 20544 17579 15420 25656 16986 20551 55142 
17336 20640 17773 15495 24806 16825 20711 55194 
17384 20096 17660 15431 26692 16715 20536 55135 
16596 19200 17878 15500 26954 16478 20536 55119 
17113 20608 17610 15324 24990 16939 20542 55137 
16952 19520 17840 15391 26480 16939 20652 55181 
17715 20576 17515 15404 24080 16048 20654 55202 
16647 19712 17789 15480 25817 17185 20614 55153 
16750 19840 17596 15391 26873 17438 20621 55189 
17078 20736 17576 15360 25797 17049 20543 55136 
17632 20736 17710 15370 24124 17415 20541 55137 
18051 20288 17918 15415 24818 16948 20533 55129 
17783 20096 17765 15438 25784 16460 20647 55199 
17408 19456 17701 15368 25596 16419 20533 55132 
16135 20800 17592 15459 25876 16680 20752 55233 
17377 20512 17648 15321 26374 16686 20661 55201 
17262 19456 17005 15231 25679 16720 20652 55197 
17788 20416 17798 15372 26977 16473 20669 55208 
18118 18944 18396 15447 24712 16629 20513 55120 
17907 19456 17930 15362 25849 16889 20564 55139 
17224 19456 17858 15461 27294 17335 20548 55127 
18360 18432 18560 15652 20032 17188 20544 55129 
16921 21120 17778 15394 25258 17195 20544 55140 
16989 20512 17441 15481 26601 16742 20543 55137 
16399 21088 17572 15423 25931 16962 20544 55141 
17822 20608 17978 15392 25124 16637 20537 55137 
17871 21120 17652 15000 24968 16659 20664 55207 
17458 20480 17640 15405 25156 16761 20638 55200 
16482 20832 17492 15372 26396 16936 20693 55196 
17024 19648 17868 15372 25616 16609 20610 55152 
17585 20096 17760 15209 25114 16763 20689 55190 
17486 20096 18060 15447 25580 17067 20519 55123 
17198 20672 17475 15470 25888 16530 20544 55142 
16698 19520 17567 15469 27755 16932 20516 55121 
17406 20512 17836 15399 25378 16848 20564 55139 
16762 18944 17742 15585 27107 16733 20518 55125 
17480 19520 18038 15368 25694 16911 20516 55120 
16841 19456 17686 15373 25859 16447 20560 55125 
16308 20864 18145 15961 25688 16571 20688 55215 
17557 17408 18177 15505 29304 16923 20528 55121 
17811 20160 17763 15436 25997 16649 20540 55142 
17225 19520 17704 15435 26646 15814 20667 55200 
17216 17920 17767 15543 26866 16726 20545 55130 
17813 20160 18144 15224 26621 16936 20542 55134 
17641 20672 17762 15501 25224 16313 20504 55124 
17914 19648 18140 15383 26787 16974 20541 55136 
16094 20608 17588 15337 24964 16684 20658 55184 
16475 19520 17692 15405 26120 16713 20754 55234 
17409 20640 17680 15409 26365 17118 20663 55206 
15244 21120 16696 15075 23732 17454 20686 55211 
17934 19520 17973 15397 26627 16786 20541 55133 
18029 20288 18163 15365 26649 16681 20648 55198 
16902 20160 17657 15418 26655 16593 20550 55152 
16498 19968 17588 15470 26687 16655 20545 55130 
18587 20576 17988 15211 25426 16599 20531 55134 
19328 20800 18504 15286 24816 16804 20545 55143 
17649 18816 18089 15367 25907 16959 20685 55200 
16544 20992 17772 15397 24412 16461 20711 55184 
17493 20512 17590 15405 25964 16440 20549 55143 
16054 19456 17639 15483 27163 16890 20557 55124 
16340 19328 17520 15426 24960 16479 20519 55123 
17682 20768 17761 15417 26203 16922 20547 55137 
16987 20416 17260 15301 26930 16795 20537 55133 
16458 20608 17144 15405 25883 17529 20545 55136 
18102 19328 18392 15370 25756 17429 20510 55122 
18314 19648 17769 15394 27063 16284 20543 55142 
17336 19200 17839 15231 27009 16847 20662 55183 
16614 20800 17215 15403 25767 17552 20544 55138 
16631 19840 17328 15437 26919 17112 20537 55134 
16682 19648 16976 15460 23032 16253 20655 55203 
18094 19072 18154 15290 27721 16975 20662 55197 
17512 18432 17854 15342 26734 16981 20699 55187 
16727 20768 17635 15422 26256 16571 20700 55185 
15586 20672 16848 15530 25667 15683 20690 55191 
17020 20512 17580 15470 24794 16679 20503 55121 
16641 18688 17631 15531 25476 16318 20690 55188 
16700 20736 17523 15525 25614 16573 20548 55137 
17497 18560 17866 15466 24164 16311 20587 55152 
17475 19840 18098 15493 26303 16881 20556 55156 
16436 20224 17680 15243 24328 16818 20694 55192 
17858 20512 18148 15488 25434 16944 20656 55199 
16939 19072 17535 15431 26203 16525 20670 55199 
17373 17664 17924 15464 26962 16906 20676 55189 
17551 18432 17494 15390 26897 16653 20648 55197 
16934 20416 17343 15432 26157 16387 20658 55206 
18990 20224 18433 15414 24740 16843 20650 55201 
14933 21120 16393 15862 22840 16973 20670 55188 
17518 20896 17835 15367 25374 16462 20664 55207 
17717 19584 17873 15416 25854 16932 20642 55202 
17448 19648 17865 15263 25801 16835 20652 55142 
16920 20896 17501 15476 26266 16322 20544 55143 
16305 20768 17107 15415 25687 17171 20546 55140 
18209 19456 18390 15395 25092 17089 20506 55121 
17203 20544 17566 15419 26258 17220 20539 55135 
16713 20960 17239 15381 25378 17357 20546 55139 
17249 19328 17915 15556 26209 16946 20507 55118 
16942 20160 17799 15422 25883 16827 20651 55177 
17287 19520 17753 15370 27312 16910 20503 55120 
17507 20096 17830 15370 25154 16769 20681 55211 
17697 18560 17596 15369 24492 17526 20502 55120 
16102 20864 17529 15365 24906 17254 20670 55188 
16526 21120 17464 15388 24694 16338 20667 55204 
16880 20608 17455 15382 23708 17001 20659 55201 
17557 19776 18247 15444 25278 17092 20552 55152 
16398 20480 17246 15479 26010 17457 20553 55143 
15706 19712 17608 15516 25460 17175 20635 55175 
16794 19456 17178 15400 27684 17674 20650 55197 
18028 19968 18221 15450 26181 16755 20533 55133 
17793 20768 17834 15345 25166 16825 20547 55137 
16928 19520 17582 15347 25320 16132 20662 55207 
16009 19584 17783 15442 25500 16655 20720 55193 
17764 18432 17765 15386 25032 17614 20502 55120 
17569 21120 18159 15402 25603 16510 20689 55191 
16806 20640 17469 15477 26163 17611 20655 55203 
17994 20704 17744 15384 25897 16456 20544 55143 
17248 20608 17747 15370 25847 17517 20543 55137 
16517 20288 16817 15374 27647 17099 20548 55140 
16986 20416 17666 15456 26017 16696 20675 55203 
15936 20672 17688 15661 26092 16970 20664 55202 
15446 20608 16947 15223 25600 17107 20549 55138 
16598 20928 17347 15377 25826 16579 20546 55141 
16949 18176 17790 15451 26815 16736 20656 55181 
17517 17920 17460 15316 25216 16483 20534 55132 
17152 20416 17708 15399 26920 17521 20546 55135 
17434 20800 17785 15381 24460 16682 20537 55133 
17223 20864 17952 15454 24192 16584 20682 55204 
17235 20672 17820 15350 24826 16829 20662 55202 
16224 20032 17622 15398 26165 15925 20535 55119 
17016 20352 17665 15386 26338 16566 20629 55194 
16668 18816 17875 15621 25734 17713 20574 55175 
16474 20736 17649 15408 25773 16621 20676 55188 
16403 20960 17668 15348 23988 16452 20549 55141 
18225 21120 17847 15253 25062 16480 20669 55208 
15414 20672 17173 15235 25458 17440 20502 55121 
16900 20032 17451 15392 26979 16437 20649 55199 
17009 20864 17495 15412 25681 16821 20548 55139 
17034 20576 17789 15441 25648 17183 20541 55137 
16968 19648 17058 15528 25044 16084 20544 55142 
16766 21120 17493 15502 25388 16282 20665 55203 
17091 19328 17767 15281 25950 16866 20754 55205 
18453 19904 18402 15273 25784 16996 20551 55144 
17409 18176 17655 15381 25719 17128 20634 55191 
17448 19648 17961 15409 26253 16845 20564 55138 
14699 21120 16126 15576 26716 15760 20545 55140 
18246 20608 18395 15420 25766 16800 20551 55144 
16722 20352 17316 15400 26014 17516 20650 55198 
17129 20704 17573 15405 26423 16499 20547 55138 
17794 18176 18266 15510 27899 16899 20512 55116 
17441 21120 17842 15434 25606 16529 20538 55138 
17474 19456 17799 15375 26036 17262 20509 55122 
16557 19648 17206 15479 26886 16307 20504 55120 
16969 20608 17930 15490 22544 16776 20665 55188 
16429 20928 17505 15223 24172 16635 20541 55140 
16874 19584 17656 15394 27015 17244 20536 55140 
16232 21120 16719 15467 25631 16774 20664 55206 
16404 20096 17593 15379 25915 16840 20754 55205 
17522 20544 17684 15336 25364 16441 20549 55142 
15648 20800 17354 15395 24552 16481 20689 55191 
16025 20288 17661 15804 25244 16416 20587 55182 
16279 20224 16751 15367 25334 17081 20546 55140 
17168 19328 17742 15447 25966 16532 20552 55146 
16499 19968 17349 15436 25348 16239 20504 55122 
18408 19520 18345 15385 28540 17057 20548 55131 
17881 20032 18076 15419 26136 16951 20648 55198 
17387 20896 17649 15369 25392 16822 20664 55208 
16058 19584 17647 15448 25270 16286 20754 55205 
17166 20416 17730 15378 25470 17088 20506 55097 
17483 20640 17636 15409 25542 16469 20547 55138 
16202 20864 17280 15395 25995 17307 20545 55139 
16314 20352 16611 15237 26923 17611 20537 55138 
17084 20032 17564 15444 26257 16519 20505 55119 
17821 20512 18027 15412 25999 16910 20550 55146 
16741 19520 17659 15305 26163 16490 20544 55128 
17405 18176 17851 15309 25616 16830 20634 55163 
17613 20704 17835 15375 26166 17365 20547 55136 
17493 20288 17925 15395 26263 17033 20672 55204 
18186 19840 19224 16593 23924 16417 20514 55124 
16110 20864 17421 15533 25620 16450 20689 55191 
17716 19968 17841 15342 26339 16861 20556 55160 
18120 20896 18165 15384 25643 16642 20665 55203 
17930 19648 18088 15370 24852 17084 20558 55144 
17732 20480 17999 15330 26616 16867 20551 55143 
16905 19456 17348 15445 27803 16840 20551 55143 
16762 18176 18060 15566 24468 17577 20562 55134 
17651 20896 17793 15381 25056 16530 20656 55204 
17394 20224 17685 15341 26765 17454 20546 55135 
17586 20416 18001 15401 25484 16896 20626 55198 
17186 19904 17926 15728 24630 16175 20531 55134 
17468 18176 17351 15443 25454 15855 20502 55122 
17295 19776 17729 15398 27013 16587 20693 55186 
16480 20224 16356 15324 25424 16540 20545 55143 
16630 20832 17607 15477 25797 16743 20503 55122 
17272 17664 17971 15584 25972 16897 20557 55128 
17490 19456 17846 15367 27387 16935 20640 55193 
16743 20608 17539 15466 25758 17216 20650 55197 
16753 20480 17687 15442 26533 16822 20660 55183 
17062 20352 17569 15330 26537 17427 20546 55135 
16627 19456 17736 15495 26004 17156 20518 55124 
16601 19520 17788 15464 26546 16872 20716 55191 
16537 20352 17228 15385 22816 17433 20618 55188 
17389 20224 17773 15311 26936 16657 20505 55119 
16485 20864 16936 15093 23732 16901 20539 55134 
17643 20608 17887 15366 25490 16877 20542 55136 
16636 19776 17116 15235 25220 16539 20627 55198 
17277 20352 17501 15490 25772 16682 20536 55133 
16682 20224 17797 15513 25298 17222 20618 55162 
18000 19584 18108 15340 25971 17032 20662 55198 
17205 19776 17822 15365 25627 16933 20682 55204 
16272 20032 17649 15501 25376 16399 20733 55183 
16503 20032 17599 15495 22744 16248 20690 55187 
17540 20576 17714 15458 25356 16475 20538 55142 
18220 21120 18285 15412 25110 16638 20668 55204 
17013 20544 17748 15431 26641 17999 20535 55134 
17603 20032 17879 15377 25661 16979 20533 55135 
17299 20768 17391 15169 24756 17044 20537 55139 
17635 18560 18242 15826 26296 16284 20526 55131 
17469 20704 17688 15410 25781 16890 20547 55139 
17821 20160 18093 15368 27725 16749 20674 55209 
16046 20832 17062 15453 25578 16571 20650 55198 
16807 19200 17947 15707 25202 16990 20544 55125 
16599 19840 17675 15395 23064 16520 20662 55183 
17452 17664 18080 15469 24814 17283 20562 55137 
16696 19904 18018 15460 26405 17240 20613 55156 
18002 20544 17995 15254 24520 16994 20538 55135 
16353 20576 17154 15381 27352 17823 20550 55154 
16997 20576 17047 15263 26670 17506 20543 55139 
17197 20096 17769 15408 25062 16755 20538 55134 
17424 19200 17331 15430 27112 16236 20649 55198 
17800 20832 17703 15452 26406 16269 20545 55142 
17208 20992 18252 15858 23376 16979 20702 55196 
16716 19776 17878 15519 25773 16847 20752 55204 
17262 20928 17587 15440 25994 16649 20664 55208 
17496 20704 17446 15247 22552 16173 20543 55141 
16594 19456 17647 15330 26251 16747 20683 55211 
16681 20832 17786 15386 25372 16557 20755 55234 
17516 20096 17695 15619 24768 16521 20507 55124 
17430 20416 17226 15388 25986 16182 20544 55143 
17545 20640 17848 15413 26044 16929 20542 55141 
17208 20800 17638 15272 25494 17000 20670 55205 
16453 20960 17668 15453 25852 16490 20696 55188 
16696 19712 18125 15723 24846 16812 20672 55174 
18123 18688 18067 15448 26688 16783 20516 55119 
19328 21120 18548 15461 25983 17067 20546 55142 
16942 20992 17935 15371 24612 16818 20699 55186 
17531 19968 17930 15416 27383 17558 20552 55142 
17474 20608 17757 15235 25536 16759 20542 55138 
17532 20576 18184 15524 24662 16929 20680 55203 
16722 18688 17972 15621 25979 16407 20547 55109 
16533 20864 17159 14977 23620 16666 20546 55124 
17312 20416 17665 15342 25310 16664 20505 55121 
16880 19520 17738 15411 26046 15891 20652 55200 
17476 20928 17729 15367 24698 16366 20664 55207 
16721 21056 17613 15467 26344 16991 20635 55190 
17066 20576 17492 15109 25160 17222 20547 55134 
17050 20544 17836 15327 25350 16577 20701 55184 
18098 20096 18227 15271 25947 17051 20544 55135 
16943 17920 17240 15445 26747 16701 20551 55144 
16843 20960 17579 15367 25240 16942 20670 55205 
17451 19584 17962 15276 25390 16955 20634 55194 
17041 18688 17741 15401 26169 16811 20573 55174 
16661 20832 17576 15459 25784 16692 20639 55200 
17159 21120 17535 15367 23680 16485 20667 55204 
16839 19456 17769 15394 24856 16396 20507 55118 
17452 19968 17680 15209 24472 16579 20548 55130 
15650 20832 17572 15591 25266 17438 20502 55122 
17679 19456 17955 15354 25779 17020 20689 55189 
16925 21024 17517 15572 24754 15837 20503 55122 
17448 20832 17884 15490 25352 16636 20669 55204 
16880 20800 17449 15200 25160 16814 20543 55125 
15916 18816 17526 15444 24978 16618 20618 55162 
17669 20640 17971 15261 25162 17008 20651 55201 
16173 21056 16718 15314 26691 17015 20546 55140 
16833 20672 17884 15419 25954 16673 20619 55162 
17673 21088 18148 15378 26062 16585 20689 55191 
